>CTGCCWVCTTTTRTA	ZNF7(Zf)/HepG2-ZNF7.Flag-ChIP-Seq(Encode)/Homer	6.314380	-1097.848476	0	T:737.0(20.83%),B:934.5(2.11%),P:1e-476	Tpos:50.3,Tstd:18.9,Bpos:49.3,Bstd:30.7,StrandBias:-0.1,Multiplicity:1.03
0.119	0.442	0.177	0.263
0.029	0.058	0.001	0.912
0.001	0.001	0.997	0.001
0.060	0.674	0.001	0.265
0.116	0.825	0.029	0.030
0.413	0.059	0.175	0.353
0.295	0.383	0.263	0.058
0.001	0.997	0.001	0.001
0.233	0.001	0.001	0.765
0.001	0.412	0.001	0.586
0.001	0.001	0.001	0.997
0.001	0.001	0.001	0.997
0.469	0.001	0.501	0.029
0.207	0.207	0.116	0.470
0.441	0.145	0.207	0.206
>CAGCACCDYGGACAG	2-CAGCACCDYGGACAG	11.816954	-518.470085	0	T:158.0(4.46%),B:29.6(0.07%),P:1e-225	Tpos:50.4,Tstd:18.9,Bpos:42.4,Bstd:24.6,StrandBias:0.2,Multiplicity:1.14
0.013	0.946	0.001	0.040
0.961	0.013	0.013	0.013
0.013	0.013	0.973	0.001
0.054	0.706	0.213	0.027
0.986	0.001	0.012	0.001
0.001	0.997	0.001	0.001
0.001	0.960	0.013	0.026
0.355	0.134	0.291	0.220
0.068	0.471	0.054	0.408
0.012	0.001	0.986	0.001
0.012	0.001	0.986	0.001
0.972	0.026	0.001	0.001
0.001	0.806	0.153	0.040
0.997	0.001	0.001	0.001
0.026	0.013	0.960	0.001
>TVTGTGTRCACACAB	3-TVTGTGTRCACACAB	6.931765	-177.035151	0	T:348.0(9.83%),B:1365.4(3.08%),P:1e-76	Tpos:49.7,Tstd:18.4,Bpos:47.5,Bstd:36.0,StrandBias:-0.0,Multiplicity:1.06
0.213	0.234	0.032	0.521
0.309	0.276	0.341	0.075
0.223	0.180	0.001	0.596
0.096	0.107	0.786	0.011
0.042	0.128	0.001	0.829
0.064	0.042	0.893	0.001
0.053	0.320	0.106	0.521
0.404	0.032	0.436	0.128
0.011	0.606	0.149	0.234
0.681	0.001	0.255	0.063
0.001	0.756	0.222	0.021
0.819	0.001	0.127	0.053
0.032	0.585	0.245	0.138
0.659	0.001	0.223	0.117
0.170	0.298	0.340	0.192
